2079
2062
2034
2025
1991
1970
1930
1904
1891
1891
1868
1864
1846
1816
1804
1787
1785
1774
1771
1764
1758
1755
1752
1740
1739
1734
1727
1726
1723
1719
1703
1702
1694
1681
1681
1678
1674
1672
1668
1638
1627
1618
1601
1599
1586
1581
1569
1564
1561
1560
1557
1556
1553
1553
1548
1533
1530
1524
1520
1518
1514
1511
1511
1510
1508
1503
1503
1500
1500
1500
1500
1500
1500
1500
1500
1500
1500
1500
1497
1495
1486
1475
1474
1473
1472
1469
1468
1465
1456
1450
1449
1444
1440
1435
1431
1427
1424
1414
1407
1396
1384
1156
2062
1970
1930
1891
1891
1857
1839
1822
1794
1775
1758
1755
1752
1743
1737
1705
1694
1685
1681
1678
1675
1671
1670
1647
1638
1620
1619
1609
1599
1598
1595
1585
1583
1579
1570
1569
1566
1553
1547
1539
1537
1533
1530
1526
1525
1522
1520
1520
1518
1518
1517
1515
1515
1508
1506
1502
1502
1500
1500
1500
1500
1500
1500
1500
1500
1500
1497
1494
1488
1482
1481
1480
1478
1475
1469
1469
1468
1466
1456
1450
1449
1440
1431
1429
1426
1417
1401
1396
1385
1377
1349
1347
1329
1253
2071
2025
2007
1970
1957
1922
1913
1873
1871
1863
1859
1843
1840
1818
1815
1792
1790
1767
1759
1749
1745
1715
1709
1708
1701
1700
1676
1659
1656
1655
1650
1649
1645
1642
1631
1620
1611
1607
1596
1595
1593
1579
1569
1567
1567
1557
1535
1533
1533
1532
1532
1531
1531
1530
1529
1528
1527
1524
1520
1520
1518
1503
1500
1500
1500
1500
1500
1500
1500
1500
1500
1500
1500
1500
1500
1500
1500
1500
1500
1500
1500
1500
1497
1492
1487
1483
1481
1476
1474
1473
1469
1469
1462
1454
1447
1441
1433
1431
1429
1425
1397
1396
1356
1343
1335
1277
1265