2400
2351
2286
2241
2234
2223
2216
2208
2196
2185
2185
2176
2174
2170
2164
2160
2152
2151
2149
2149
2149
2147
2146
2140
2136
2128
2127
2117
2112
2111
2106
2104
2102
2098
2086
2080
2078
2077
2074
2068
2067
2062
2055
2052
2051
2051
2047
2043
2041
2041
2041
2039
2037
2035
2031
2026
2019
2014
2011
2010
2009
2009
2008
1996
1993
1992
1991
1988
1986
1986
1985
1982
1980
1978
1978
1976
1975
1970
1970
1969
1969
1966
1965
1963
1961
1959
1957
1954
1945
1944
1944
1939
1938
1938
1937
1934
1932
1929
1929
1928
1927
1926
1924
1923
1921
1917
1917
1915
1912
1912
1912
1912
1910
1909
1909
1907
1906
1904
1904
1904
1904
1904
1904
1903
1903
1902
1902
1901
1901
1900
1900
1899
1897
1894
1892
1892
1891
1890
1889
1889
1885
1884
1884
1883
1882
1878
1876
1874
1874
1874
1874
1874
1873
1873
1872
1872
1871
1871
1870
1868
1868
1868
1865
1863
1863
1862
1861
1861
1861
1861
1860
1859
1858
1856
1856
1855
1855
1855
1855
1855
1854
1854
1854
1852
1852
1852
1851
1851
1850
1850
1850
1849
1849
1848
1848
1848
1847
1847
1847
1846
1845
1845
1844
1843
1843
1843
1840
1839
1837
1837
1837
1835
1835
1835
1834
1833
1833
1832
1832
1831
1830
1829
1828
1828
1828
1827
1827
1825
1825
1824
1823
1823
1819
1819
1818
1818
1818
1817
1815
1814
1812
1812
1810
1810
1809
1809
1808
1807
1807
1807
1806
1806
1805
1805
1805
1804
1803
1803
1803
1802
1801
1800
1800
1798
1798
1798
1797
1796
1796
1795
1795
1794
1793
1792
1792
1792
1791
1790
1790
1788
1788
1788
1788
1787
1787
1787
1786
1786
1786
1785
1784
1783
1782
1781
1781
1780
1780
1779
1779
1779
1778
1777
1777
1777
1776
1775
1775
1775
1774
1774
1773
1773
1773
1772
1771
1770
1770
1770
1770
1769
1768
1768
1768
1767
1765
1765
1765
1764
1764
1762
1762
1762
1762
1762
1761
1760
1760
1759
1759
1759
1759
1759
1758
1758
1758
1758
1757
1757
1757
1756
1756
1756
1755
1755
1755
1755
1755
1754
1754
1753
1753
1753
1752
1752
1751
1751
1750
1750
1750
1750
1750
1750
1750
1748
1748
1748
1747
1747
1746
1746
1745
1745
1744
1744
1744
1743
1743
1742
1742
1742
1741
1740
1740
1740
1739
1738
1737
1737
1737
1737
1736
1733
1733
1733
1732
1732
1732
1731
1731
1731
1730
1730
1730
1729
1729
1728
1728
1727
1727
1727
1727
1727
1726
1726
1725
1725
1724
1724
1723
1723
1723
1723
1723
1723
1722
1721
1721
1720
1719
1719
1719
1719
1718
1718
1718
1717
1716
1716
1715
1715
1713
1712
1712
1712
1712
1712
1711
1711
1710
1710
1710
1710
1709
1709
1709
1708
1708
1707
1706
1706
1705
1705
1705
1704
1704
1704
1704
1703
1703
1703
1703
1702
1702
1702
1701
1701
1701
1701
1700
1699
1699
1699
1699
1699
1699
1699
1698
1698
1696
1696
2039
1986
1970
1957
1914
1911
1906
1895
1863
1859
1838
1831
1817
1779
1767
1765
1762
1726
1721
1714
1709
1699
1697
1688
1682
1678
1668
1662
1660
1654
1649
1646
1644
1641
1641
1640
1637
1630
1617
1611
1608
1606
1603
1596
1593
1592
1592
1589
1569
1569
1560
1549
1542
1541
1537
1537
1535
1533
1533
1531
1531
1528
1526
1518
1516
1500
1500
1500
1500
1500
1500
1500
1500
1500
1500
1500
1500
1500
1500
1500
1500
1500
1500
1497
1492
1492
1483
1483
1481
1480
1480
1470
1469
1469
1459
1457
1454
1451
1450
1448
1436
1431
1431
1427
1408
1403
1397
1396
1392
1385
1356
1329
1307
1294
1276
2076
2039
2025
2003
1871
1863
1787
1785
1784
1765
1751
1734
1729
1727
1724
1719
1710
1708
1663
1662
1650
1641
1640
1636
1629
1628
1623
1620
1618
1618
1618
1605
1602
1596
1590
1590
1582
1580
1569
1563
1562
1560
1559
1557
1557
1552
1548
1545
1544
1535
1533
1528
1522
1520
1518
1517
1501
1501
1500
1500
1500
1500
1500
1500
1500
1500
1500
1500
1500
1500
1500
1500
1500
1500
1500
1500
1500
1500
1500
1500
1500
1500
1497
1488
1481
1478
1471
1469
1467
1465
1460
1458
1449
1445
1437
1431
1416
1396
1377
1369
1368
1353
1347
1332
1329
1328